23539
23015
23007
23007
23051
22995
23006
23007
23007
23102
23007
23006
23006
23007
23101
23007
23007
23007
23007
23090
23007
23007
23007
23006
23102
23006
23006
23007
23007
23102
23007
23007
23003
22995
23102
23007
23006
23007
23007
23101
23007
23030
23007
23007
23101
23007
23003
22995
23007
23101
23007
23007
23006
23007
23101
23007
23007
23007
23006
23102
23003
22995
23007
23007
23102
23007
23007
23007
23018
23101
23007
23007
23006
23007
23098
22995
23006
23007
23007
23101
23007
23007
23007
23007
23101
23030
23007
23007
23007
23093
23007
23007
23007
23007
23101
23007
23007
23007
23006
23102
23007
23004
23003
22995
23102
23007
23006
23006
23007
23101
23007
23007
23007
23006
23102
23003
23003
22995
23007
23102
23007
23007
23007
23007
23101
23007
23007
23007
23034
23094
22999
23003
23010
23002
23105
23003
23011
23014
23011
23097
23011
23003
23010
23003
23098
23003
23010
23003
23011
23098
23011
23003
23010
23003
23105
23003
23011
22999
22999
23097
23011
23003
23011
23003
23106
23002
23011
23003
23010
23098
23010
23027
22995
23007
23102
23007
23007
23007
23006
23102
23006
23006
23007
23007
23102
23003
22995
23007
23007
23102
23007
23007
23007
23007
23102
23006
23007
23007
23007
23098