1450
737
709
705
717
714
718
713
717
713
709
705
718
713
717
713
717
713
709
705
717
713
717
713
718
714
709
713
717
713
717
705
709
713
713
714
717
713
717
705
709
712
716
713
718
714
717
705
709
711
713
713
717
714
717
705
709
714
715
722
717
712
717
714
717
718
718
705
709
710
717
714
717
714
709
705
709
711
717
713
718
713
709
706
709
711
717
705
709
713
717
713
718
713
717
705
709
709
718
714
717
713
716
705
710
718
726
713
718
713
709
705
710
712
717
713
718
710
718
713
718
714
716
705
710
712
718
713
718
719
717
705
709
711
718
713
718
714
709
706
709
711
718
713
717
713
710
713
718
714
717
705
709
709
716
714
717
713
718
705
710
712
717
714
717
714
713
705
709
710
717
714
717
718
725
705
709
714
717
705
709
713
716
713
718
713
718
705
709
713
715
714
717
714
717
705
710
712
716
714