3950
3224
3145
3140
3147
3160
3146
3144
3143
3166
3143
3172
3155
3168
3219
3177
3146
3173
3145
3143
3150
3159
3143
3143
3149
3174
3143
3139
3177
3166
3137
3142
3134
3160
3140
3140
3149
3173
3144
3142
3147
3165
3141
3141
3141
3166
3146
3144
3151
3171
3146
3148
3144
3168
3135
3139
3144
3173
3144
3146
3146
3163
3162
3150
3150
3164
3137
3149
3144
3159
3146
3138
3146
3232
3181
3147
3174
3163
3129
3167
3151
3162
3140
3146
3147
3166
3142
3142
3140
3161
3151
3147
3145
3171
3136
3148
3176
3174
3144
3140
3154
3164
3146
3143
3148
3173
3149
3146
3148
3170
3136
3141
3141
3172
3144
3137
3145
3158
3141
3141
3148
3170
3205
3183
3154
3168
3148
3144
3151
3161
3173
3143
3152
3166
3141
3146
3141
3173
3144
3142
3151
3170
3138
3146
3148
3159
3140
3174
3147
3166
3134
3140
3139
3181
3144
3144
3150
3162
3141
3135
3147
3170
3143
3139
3168
3170
3138
3145
3152
3172
3151
3145
3144
3170
3148
3136
3145
3165
3146
3146
3144
3175
3145
3147
3140
3174
3145
3146
3149
3168
3145
3139
3150
3164
3143
3146
3147
3171
3174
3140