8136
7281
7325
7281
7281
7281
7326
7280
7281
7281
7299
7281
7278
7307
7299
7280
7275
7325
7281
7280
7281
7326
7281
7281
7281
7326
7280
7281
7281
7326
7281
7281
7281
7326
7281
7280
7282
7326
7281
7281
7281
7326
7281
7281
7281
7326
7281
7280
7281
7326
7281
7280
7281
7327
7281
7281
7281
7324
7281
7281
7281
7325
7281
7281
7281
7326
7280
7280
7281
7326
7281
7280
7281
7326
7281
7281
7281
7326
7281
7272
7307
7299
7281
7277
7324
7281
7281
7281
7326
7281
7280
7281
7326
7281
7280
7281
7326
7281
7280
7281
7326
7281
7281
7281
7326
7281
7269
7281
7299
7281
7281
7325
7281
7281
7281
7308
7263
7251
7263
7280
7263
7263
7306
7263
7263
7263
7308
7263
7262
7263
7280
7263
7258
7306
7262
7263
7263
7307
7263
7247
7289
7263
7262
7262
7306
7263
7262
7263
7306
7263
7247
7262
7263
7263
7263
7306
7262
7249
7262
7263
7263
7260
7306
7263
7263
7262
7306
7261
7247
7261
7261
7262
7262
7305
7261
7262
7261
7305
7262
7257
7305
7261
7261
7260
7306
7261
7259
7304
7261
7261
7261
7303
7260
7249
7303
7260
7260
7260
7306
7261