1551
1041
1040
1042
1041
1041
1041
1041
1040
1041
1058
1041
1059
1040
1041
1040
1041
1041
1041
1040
1041
1040
1041
1041
1041
1041
1040
1040
1040
1041
1040
1040
1041
1041
1068
1040
1068
1040
1041
1041
1042
1040
1042
1040
1042
1058
1040
1041
1040
1041
1040
1041
1041
1039
1040
1041
1041
1041
1040
1041
1040
1041
1041
1040
1041
1040
1041
1040
1041
1041
1040
1040
1040
1067
1041
1068
1040
1068
1040
1042
1041
1042
1040
1042
1058
1040
1041
1040
1041
1040
1041
1040
1041
1040
1041
1040
1040
1041
1041
1041
1041
1041
1041
1040
1040
1041
1041
1041
1067
1041
1068
1041
1041
1040
1042
1040
1042
1040
1040
1040
1041
1041
1040
1058
1040
1058
1040
1041
1041
1041
1041
1041
1040
1039
1040
1041
1040
1041
1041
1041
1040
1041
1041
1041
1040
1040
1040
1040
1040
1041
1041
1039
1040
1067
1041
1042
1041
1041
1041
1041
1041
1041
1041
1041
1040
1040
1040
1041
1058
1040
1041
1041
1041
1040
1041
1040
1041
1041
1039
1040
1041
1041
1041
1041
1041
1040
1041
1040
1040
1040
1041
1040
1040
1040
1067
1040
1067
1040
1041
1041