24046
24136
24032
24145
24127
24131
24108
24051
24064
24112
24161
24103
24067
24137
24048
24026
24148
24030
24125
24044
23980
24036
24005
24055
24117
24082
24073
24037
24139
24117
24137
24092
24044
24033
24014
24103
24108
24053
24107
24042
24122
24018
24066
24128
24091
24072
24086
23979
24048
24106
24057
24136
24081
24122
24058
24082
23981
24197
24031
23986
24050
24134
24191
24114
24030
24096
24136
24115
24033
24112
24058
24088
24132
24051
24090
24137
24019
24088
23933
24118
24038
23965
24091
24069
24091
24097
24126
24090
24009
24105
23942
24053
24086
24046
24063
23966
24072
24060
24135
24068
24079
24054
24062
24059
24064
24068
24104
24112
24092
24126
24075
24084
24081
23989
23990
24052
24098
24037
24112
24072
24120
24093
24098
24059
24140
24067
24103
24103
24088
24080
24123
24062
24127
24133
24022
24052
24110
24075
24031
24146
24101
24096
24004
24099
24020
24082
24089
24069
24037
24067
24062
24088
24128
24055
24069
24059
24110
24073
24105
24163
24060
24082
24101
24123
24001
24011
24092
24110
24099
24058
24081
24023
24127
24041
24053
24021
24043
24045
24091
24076
24133
23978
24107
24128
24048
24056
24112
24063
24080
24015
24148
24081
24036
24074
23950
24079
24137
24127
24159
24016