11714
10838
10831
10859
10858
10838
10859
10860
10850
10812
10858
10855
10858
10829
10858
10860
10841
10830
10858
10860
10840
10830
10859
10847
10838
10829
10859
10859
10838
10831
10859
10855
10838
10858
10859
10858
10811
10858
10859
10838
10830
10859
10860
10838
10858
10856
10857
10829
10859
10860
10838
10830
10859
10843
10838
10831
10860
10858
10838
10858
10859
10846
10812
10858
10856
10857
10830
10859
10848
10838
10830
10860
10859
10838
10858
10859
10857
10830
10859
10849
10838
10830
10856
10841
10835
10856
10856
10846
10809
10854
10856
10854
10827
10856
10855
10835
10855
10856
10843
10809
10855
10856
10853
10827
10856
10840
10835
10855
10856
10852
10827
10857
10844
10835
10827
10857
10838
10834
10856
10856
10852
10827
10856
10852
10836
10854
10856
10843
10809
10856
10856
10852
10809
10855
10855
10835
10855
10856
10856
10809
10856
10856
10852
10809
10857
10855
10835
10827
10856
10855
10809
10856
10852
10853
10827
10856
10850
10809
10855
10856
10855
10809
10856
10877
10875
10830
10877
10876
10873
10847
10877
10875
10856
10876
10877
10873
10830
10877
10877
10874
10830
10878
10876
10873
10849
10877
10871
10874
10876
10878
10866
10830
10876
10877
10875
10830
10877
10878
10873
10848