6196
4714
4644
4647
4648
4645
4651
4648
4648
4640
4644
4640
4652
4647
4649
4647
4651
4647
4644
4639
4643
4661
4652
4646
4651
4647
4648
4640
4643
4639
4652
4646
4651
4648
4652
4647
4644
4640
4644
4647
4652
4643
4651
4648
4652
4640
4643
4640
4647
4647
4650
4647
4652
4646
4644
4640
4644
4644
4651
4647
4652
4647
4649
4640
4644
4640
4650
4647
4650
4648
4651
4646
4644
4640
4644
4646
4651
4646
4651
4648
4651
4640
4644
4640
4649
4645
4651
4648
4652
4647
4644
4639
4644
4647
4651
4699
4652
4640
4644
4639
4651
4646
4651
4647
4652
4644
4644
4640
4643
4647
4651
4644
4651
4647
4652
4640
4644
4640
4650
4647
4651
4645
4651
4648
4643
4640
4644
4645
4651
4644
4647
4648
4651
4640
4644
4640
4651
4647
4651
4648
4651
4648
4643
4640
4644
4644
4651
4643
4651
4647
4652
4640
4643
4640
4649
4647
4651
4647
4652
4647
4643
4639
4643
4647
4651
4644
4651
4648
4652
4640
4643
4639
4645
4648
4651
4647
4652
4647
4643
4640
4644
4639
4649
4644
4651
4648
4652
4636
4644
4640
4644
4647
4648
4647
4652
4648
4641
4639
4643
4640