9553
7718
7646
7633
7625
7624
7654
7634
7620
7625
7629
7622
7630
7634
7617
7604
7609
7626
7653
7637
7630
7641
7625
7612
7615
7605
7622
7628
7623
7637
7621
7617
7624
7614
7638
7636
7621
7621
7617
7610
7630
7633
7621
7623
7637
7635
7621
7625
7638
7633
7613
7613
7621
7642
7637
7621
7630
7634
7619
7625
7625
7618
7626
7626
7646
7629
7622
7639
7628
7625
7628
7621
7622
7621
7621
7619
7608
7610
7618
7618
7645
7646
7643
7632
7639
7626
7644
7619
7610
7606
7614
7617
7617
7614
7629
7647
7651
7637
7617
7618
7627
7626
7637
7626
7637
7617
7626
7640
7627
7625
7629
7621
7620
7624
7632
7609
7622
7613
7609
7616
7624
7626
7636
7615
7629
7625
7632
7642
7633
7605
7614
7613
7626
7649
7644
7621
7630
7636
7617
7605
7622
7633
7630
7637
7629
7620
7621
7633
7653
7641
7629
7617
7621
7613
7613
7617
7629
7633
7653
7636
7617
7625
7640
7624
7646
7633
7622
7613
7619
7632
7641
7611
7629
7636
7622
7625
7621
7618
7621
7612
7614
7621
7628
7640
7634
7641
7629
7626
7635
7633
7621
7617
7618
7605
7616
7622
7651
7636
7630
7641