39447
36906
36891
37048
36867
36808
36823
36906
36916
36891
36902
36944
36909
36878
36955
36863
36736
36882
36899
36791
36918
36913
36867
36919
36963
36902
36968
36917
36941
36875
36850
36931
36948
36847
36896
36880
36916
36943
36897
36926
36820
36916
36905
36873
36855
36880
36960
36958
36825
36822
36839
36877
36867
36773
36862
36798
36869
36779
36876
36890
36762
36836
36830
36691
36918
36904
36888
36950
36961
36792
36781
36915
36905
36972
36913
36889
36960
36924
36971
36947
36786
36868
36947
36943
36839
36902
36856
36895
36963
36813
36882
36955
36818
36904
36798
36897
36894
36913
36891
36856
36922
36797
36880
36835
36918
36918
36800
36898
36891
36959
36902
36870
36828
36808
36875
37014
36896
36904
36976
36947
36886
36867
36890
36816
36857
36803
36860
36902
36912
36870
36889
36862
36887
36742
36872
36900
36980
36988
36848
36897
36936
36938
36992
36946
37057
36975
37014
36959
36938
36888
36952
36961
36881
36813
36869
36884
36910
36946
36817
36898
36918
36860
36847
36748
36879
36854
36937
36861
36862
36940
36942
36907
36900
36900
36858
36835
36866
36931
36873
36927
36951
36871
36913
36849
36928
36954
36901
36874
36946
36864
36976
36982
36940
36861
36947
36874
36889
36873
36943
36795