419
80
49
49
49
50
49
49
49
49
49
49
49
49
49
49
49
49
49
49
49
50
49
56
49
49
49
49
49
49
49
49
49
49
49
49
49
49
49
49
49
49
49
49
49
49
49
49
49
49
49
49
49
56
49
49
49
49
49
49
49
49
49
49
49
49
56
49
49
49
49
49
49
49
49
49
50
49
49
49
50
49
49
50
49
49
49
49
49
49
49
49
49
49
49
49
57
49
49
49
49
49
49
49
57
49
49
49
49
49
49
49
49
49
49
49
49
50
50
49
49
49
49
49
49
49
49
49
49
49
49
49
49
49
49
49
49
49
49
50
49
49
57
50
49
49
49
49
49
49
53
49
49
49
49
49
55
49
49
49
50
49
49
50
49
49
50
49
49
50
49
49
49
49
49
49
49
49
49
49
49
49
49
49
49
49
49
49
49
49
49
50
49
49
55
49
49
49
49
49