744
350
350
350
350
351
350
350
351
350
350
350
351
350
351
350
362
350
350
350
350
350
350
350
350
350
350
350
351
351
350
350
350
350
350
351
362
350
350
350
350
350
350
350
351
351
351
350
350
350
350
351
351
350
350
350
362
350
350
350
351
350
350
350
350
350
350
350
351
350
351
350
350
350
350
350
362
350
350
350
351
350
350
350
351
350
350
350
350
350
354
350
351
350
350
350
362
350
350
350
351
351
350
350
350
350
350
350
351
350
350
350
350
350
350
350
362
350
350
350
350
350
350
350
350
351
350
350
351
350
350
350
351
350
350
350
362
350
350
350
351
351
351
350
350
350
350
350
351
350
350
350
350
350
350
350
362
350
350
350
350
350
350
350
350
351
350
350
350
350
350
350
350
351
351
350
362
350
350
350
351
350
351
350
350
350
350
350
351
351
351
350
350
350
350
350
362
350
350
350