2544
2118
2118
2119
2118
2119
2119
2118
2122
2146
2130
2118
2119
2119
2118
2119
2118
2118
2119
2122
2142
2130
2119
2119
2142
2130
2122
2165
2170
2118
2119
2119
2146
2126
2119
2119
2146
2126
2118
2119
2146
2126
2118
2122
2166
2146
2118
2119
2146
2126
2118
2119
2146
2126
2118
2119
2146
2126
2118
2119
2150
2174
2139
2119
2146
2126
2119
2119
2146
2126
2118
2119
2146
2126
2118
2119
2146
2130
2166
2146
2146
2126
2118
2119
2146
2126
2119
2119
2146
2126
2119
2142
2154
2118
2121
2165
2174
2118
2118
2119
2146
2126
2119
2119
2146
2126
2118
2119
2146
2126
2118
2122
2166
2146
2118
2119
2146
2126
2119
2119
2146
2126
2118
2119
2146
2126
2118
2119
2150
2174
2139
2119
2146
2126
2118
2119
2146
2126
2118
2119
2146
2126
2119
2119
2146
2130
2166
2146
2146
2126
2118
2119
2146
2126
2118
2119
2146
2126
2118
2119
2146
2126
2121
2165
2174
2118
2118
2119
2170
2126
2118
2119
2146
2126
2119
2119
2146
2126
2119
2122
2165
2146
2118
2119
2146
2126
2118
2119
2146
2126
2118
2119
2146
2126
2119
2119
2149
2174
2139
2119