1895
1107
1135
1107
1107
1135
1107
1108
1107
1107
1107
1136
1107
1108
1108
1107
1108
1136
1107
1107
1108
1107
1108
1136
1107
1108
1134
1107
1107
1136
1107
1107
1136
1107
1108
1135
1107
1108
1108
1107
1107
1135
1107
1107
1108
1107
1108
1135
1107
1108
1109
1107
1107
1136
1107
1108
1108
1107
1107
1136
1107
1108
1133
1108
1107
1136
1107
1107
1134
1107
1107
1136
1107
1108
1109
1107
1108
1136
1107
1108
1108
1107
1107
1136
1108
1108
1108
1107
1108
1135
1107
1107
1107
1107
1107
1136
1107
1108
1108
1108
1107
1136
1107
1107
1134
1107
1107
1136
1107
1108
1108
1108
1108
1135
1107
1108
1135
1108
1108
1136
1107
1107
1134
1108
1107
1136
1107
1108
1134
1108
1108
1136
1107
1108
1134
1108
1108
1136
1107
1107
1109
1107
1108
1136
1108
1107
1135
1107
1107
1136
1107
1107
1135
1107
1107
1135
1108
1107
1134
1107
1108
1135
1107
1108
1133
1108
1107
1135
1107
1107
1108
1108
1107
1136
1107
1108
1108
1107
1108
1135
1107
1108
1109
1108
1108
1136
1107
1107
1135
1108
1107
1136
1107
1107
1134
1108
1108
1134
1107
1108