105
249
178
105
105
148
105
105
149
105
105
122
105
105
122
105
105
122
105
105
104
105
132
105
105
133
105
104
132
104
105
132
105
105
132
105
104
104
104
105
132
104
105
133
105
104
133
105
105
133
104
105
132
105
105
133
105
105
132
104
105
132
105
105
105
105
105
131
105
105
132
104
105
133
104
105
133
105
105
131
105
105
133
104
105
133
105
105
133
105
105
132
105
105
133
105
104
132
105
105
131
104
104
133
105
104
132
105
105
133
105
104
132
105
105
132
104
105
132
104
105
132
104
105
133
105
105
133
104
105
133
105
104
133
105
104
132
105
105
133
105
104
133
105
105
133
105
104
132
105
105
133
105
105
133
105
105
133
105
105
105
104
104
133
104
104
132
105
104
133
105
105
133
104
105
132
105
105
132
105
105
133
104
104
104
105
105
133
105
104
131
105
104
105
104
105
132
105
104
133