8657
8267
8264
8265
8267
8264
8265
8268
8265
8268
8280
8264
8265
8267
8264
8264
8268
8264
8264
8268
8264
8265
8267
8276
8264
8268
8264
8264
8268
8265
8264
8268
8264
8264
8268
8267
8276
8268
8264
8264
8264
8264
8264
8264
8268
8264
8264
8268
8268
8276
8268
8264
8264
8268
8268
8265
8267
8264
8268
8268
8264
8268
8280
8264
8265
8267
8264
8264
8268
8264
8264
8268
8264
8265
8267
8276
8265
8268
8264
8264
8268
8264
8264
8268
8265
8264
8268
8268
8276
8268
8264
8265
8267
8264
8264
8268
8264
8264
8268
8264
8268
8280
8264
8265
8267
8264
8264
8268
8264
8264
8268
8265
8265
8267
8276
8265
8268
8264
8264
8268
8265
8264
8268
8264
8264
8267
8268
8276
8268
8265
8264
8268
8264
8264
8268
8264
8265
8268
8264
8268
8280
8265
8264
8268
8264
8264
8267
8264
8264
8268
8265
8264
8268
8276
8264
8268
8264
8264
8267
8264
8264
8268
8265
8264
8268
8267
8276
8267
8264
8264
8268
8264
8264
8268
8264
8265
8267
8264
8268
8280
8264
8264
8268
8264
8265
8267
8265
8264
8268
8264
8264
8279
8276
8264
8267
8264
8264
8268
8264
8264