600
322
323
368
322
368
323
368
323
377
323
322
340
322
367
323
368
322
377
323
322
340
322
368
322
367
322
368
323
350
322
322
341
322
368
323
367
322
368
323
322
340
322
367
322
368
323
395
323
322
340
323
368
322
367
322
395
323
322
340
322
368
322
368
322
395
322
322
340
323
368
322
367
322
394
323
323
339
322
368
322
368
323
395
323
322
340
322
368
322
368
322
368
323
350
323
323
340
323
368
322
368
322
368
323
323
341
323
367
323
368
323
368
322
386
323
322
340
323
368
322
368
322
368
322
351
323
323
322
323
368
323
367
323
367
323
385
322
323
340
322
368
323
368
322
368
322
350
322
322
341
323
368
323
367
323
368
323
386
322
323
339
323
368
322
368
322
368
323
322
339
322
368
323
368
323
368
323
351
322
322
323
322
368
323
367
323
368
322
394
322
322
340
323
368
322
368
323
369
323