2444
2050
2053
2050
2050
2050
2053
2050
2050
2050
2053
2050
2050
2062
2053
2050
2050
2050
2053
2050
2050
2050
2053
2050
2050
2050
2053
2050
2050
2054
2066
2050
2050
2050
2053
2050
2050
2050
2053
2050
2050
2050
2053
2050
2050
2050
2053
2063
2050
2050
2053
2050
2050
2050
2053
2050
2050
2050
2053
2050
2050
2050
2053
2054
2062
2050
2053
2050
2050
2050
2053
2050
2050
2050
2053
2054
2050
2050
2053
2050
2054
2062
2053
2050
2050
2050
2053
2050
2050
2050
2053
2050
2050
2050
2053
2050
2050
2054
2065
2050
2050
2050
2053
2050
2050
2050
2053
2050
2050
2050
2053
2050
2050
2050
2053
2062
2050
2050
2053
2050
2050
2050
2053
2050
2050
2050
2053
2050
2050
2050
2053
2054
2062
2050
2053
2050
2050
2050
2053
2050
2050
2050
2053
2050
2050
2050
2053
2050
2054
2062
2053
2050
2050
2050
2053
2050
2050
2050
2053
2050
2051
2050
2054
2050
2050
2054
2065
2051
2051
2050
2054
2050
2051
2050
2053
2050
2050
2050
2053
2050
2050
2050
2053
2063
2051
2050
2054
2050
2051
2050
2053
2050
2050
2050
2053
2050
2050
2050
2053
2054