346
144
108
108
108
108
109
109
109
109
116
109
109
109
109
114
108
108
108
108
108
117
109
109
113
109
108
108
114
109
109
109
109
113
108
108
108
108
108
117
109
109
109
109
114
108
108
108
109
109
109
109
108
108
108
108
108
116
108
108
108
109
109
109
109
108
109
109
117
109
109
109
109
113
109
109
117
108
108
109
109
109
109
108
108
108
108
116
109
108
108
108
108
109
109
109
108
109
109
109
108
108
108
108
108
116
108
108
109
109
109
108
108
108
109
109
116
109
109
109
109
109
112
108
116
108
108
109
109
109
108
109
109
109
108
116
109
108
108
108
108
109
109
109
109
108
109
109
108
108
108
108
109
116
109
109
109
109
109
108
108
108
108
108
116
108
108
109
109
109
113
117
109
109
109
109
108
109
109
109
109
109
117
109
109
109
109
109
108
108
108
108
109
116
108
109
108
108
109
109