2957
1130
935
934
940
912
930
935
936
933
937
935
937
933
915
927
939
935
937
933
937
935
935
924
927
935
935
933
937
933
1034
934
935
925
931
925
939
934
937
935
939
935
915
928
939
935
935
934
936
935
936
912
929
934
939
932
936
932
938
1030
939
912
928
935
939
935
937
933
939
935
930
925
939
934
936
933
939
934
929
926
929
933
939
935
936
934
935
925
931
1025
931
935
936
935
936
934
938
934
930
925
939
935
939
934
937
932
931
924
929
935
938
935
937
935
935
927
927
934
939
1030
938
935
939
932
937
911
927
934
938
933
937
935
939
935
915
926
939
932
937
934
938
935
935
924
927
935
935
933
937
1028
935
933
937
911
931
935
938
934
936
935
938
931
928
927
939
932
936
933
937
935
938
926
929
935
939
933
935
934
1032
935
916
925
938
934
938
935
939
935
939
911
930
935
937
932
938
935
938
931
928
927