164692
163812
163800
163843
163799
163804
163859
163803
163800
163854
163808
163804
163859
163804
163799
163843
163800
163802
163859
163815
163800
163804
163839
163804
163800
163863
163799
163804
163839
163815
163800
163863
163800
163804
163839
163804
163800
163863
163810
163804
163839
163803
163800
163863
163800
163804
163839
163804
163811
163862
163800
163804
163839
163803
163800
163862
163800
163804
163850
163804
163799
163863
163799
163803
163839
163804
163800
163863
163810
163804
163839
163804
163800
163863
163799
163804
163839
163815
163800
163862
163800
163803
163839
163803
163800
163862
163800
163814
163800
163843
163800
163804
163859
163804
163800
163843
163799
163815
163859
163804
163800
163843
163800
163804
163858
163804
163799
163854
163800
163804
163859
163804
163800
163843
163800
163804
163870
163804
163800
163843
163799
163804
163859
163804
163800
163843
163811
163804
163859
163804
163799
163843
163799
163804
163858
163804
163810
163843
163800
163803
163859
163804
163799
163844
163800
163804
163870
163803
163800
163843
163800
163804
163859
163803
163800
163854
163800
163803
163800
163863
163800
163804
163839
163803
163800
163874
163800
163803
163839
163804
163800
163863
163800
163803
163839
163815
163799
163863
163799
163804
163839
163804
163799
163863
163800
163815
163839
163803
163800
163862
163800
163804
163839
163803
163811
163863
163800
163804
163839
163803