4703
3963
3948
3935
3944
3943
3944
3941
3945
3940
3949
3941
3944
3939
3951
3944
3950
3938
3951
3943
3949
3934
3948
3944
3948
3941
3945
3940
3949
3941
3944
3939
3951
3944
3950
3938
3951
3943
3949
3934
3997
3947
3949
3942
3947
3943
3951
3938
3951
3942
3949
3939
3947
3942
3947
3940
3948
3942
3952
3939
3951
3941
3949
3943
3950
3939
3951
3944
3951
3943
3947
3942
3947
3940
3948
3942
3952
3939
3951
3941
3949
3943
3950
3939
3951
3944
3951
3943
3947
3942
3947
3940
3948
3942
3952
3939
3951
3988
3948
3943
3947
3942
3950
3942
3950
3940
3943
3940
3948
3942
3951
3943
3951
3944
3950
3935
3947
3940
3951
3944
3948
3943
3950
3941
3944
3939
3951
3944
3950
3938
3951
3943
3949
3934
3948
3944
3948
3941
3945
3940
3949
3941
3944
3939
3951
3944
3950
3938
3951
3943
3949
3934
3948
3944
3948
3991
3954
3943
3949
3939
3943
3938
3951
3943
3948
3943
3950
3942
3948
3934
3948
3943
3947
3942
3950
3942
3950
3940
3943
3940
3948
3942
3951
3943
3951
3944
3950
3935
3947
3940
3951
3944
3948
3943
3950
3941
3944
3939
3951
3944