9069
8360
8330
8326
8320
8326
8327
8322
8330
8330
8320
8322
8319
8333
8318
8323
8320
8334
8323
8332
8323
8320
8323
8332
8316
8328
8328
8337
8326
8320
8326
8327
8322
8330
8330
8320
8322
8319
8333
8318
8323
8320
8334
8323
8332
8323
8320
8323
8332
8316
8328
8328
8337
8326
8320
8326
8327
8322
8330
8330
8320
8322
8319
8333
8318
8323
8320
8334
8323
8332
8323
8320
8323
8332
8316
8328
8328
8337
8326
8320
8326
8327
8322
8330
8330
8320
8322
8319
8333
8318
8323
8320
8334
8323
8332
8323
8320
8323
8332
8316
8328
8328
8337
8326
8320
8326
8327
8322
8330
8330
8320
8322
8319
8333
8318
8323
8320
8334
8323
8332
8323
8320
8323
8332
8316
8328
8328
8337
8326
8320
8326
8327
8322
8330
8330
8320
8322
8319
8333
8318
8323
8320
8334
8323
8332
8323
8320
8323
8332
8316
8328
8328
8337
8326
8320
8326
8327
8322
8330
8330
8320
8322
8319
8333
8318
8323
8320
8334
8323
8332
8323
8320
8323
8332
8316
8328
8328
8337
8326
8320
8326
8327
8322
8330
8330
8320
8322
8319
8333
8318
8323
8320
8334
8323
8332
8323
8320
8323
8332
8316