52719
51889
51908
51885
51909
51885
51908
51885
51909
51924
51909
51885
51908
51885
51909
51885
51909
51885
51908
51940
51912
51885
51909
51885
51908
51881
51913
51881
51952
51881
51923
51889
51913
51881
51913
51881
51912
51881
51968
51885
51912
51881
51913
51881
51912
51881
51912
51920
51908
51885
51909
51885
51909
51885
51908
51885
51909
51940
51912
51885
51909
51896
51908
51885
51909
51885
51909
51925
51909
51885
51908
51881
51913
51881
51913
51881
51968
51885
51912
51881
51913
51881
51913
51881
51913
51881
51952
51881
51912
51881
51913
51892
51912
51881
51909
51940
51912
51885
51909
51885
51909
51885
51908
51885
51908
51924
51908
51885
51909
51885
51909
51885
51909
51885
51909
51940
51913
51881
51913
51881
51912
51881
51923
51881
51952
51881
51913
51881
51912
51881
51913
51881
51912
51881
51968
51885
51912
51881
51913
51881
51909
51885
51909
51925
51909
51885
51908
51885
51909
51885
51909
51885
51908
51951
51912
51885
51909
51885
51908
51885
51908
51885
51948
51881
51913
51881
51913
51881
51912
51881
51913
51881
51968
51885
51913
51881
51913
51882
51913
51881
51912
51881
51952
51892
51913
51881
51908
51885
51909
51885
51909
51940
51913
51885
51909
51885
51909
51885
51908
51885