32899
32131
32135
32170
32131
32135
32131
32206
32135
32131
32131
32210
32131
32131
32135
32205
32131
32135
32131
32206
32131
32134
32131
32206
32135
32131
32131
32210
32131
32131
32182
32206
32131
32135
32131
32206
32135
32131
32131
32210
32131
32131
32135
32206
32131
32135
32131
32206
32135
32142
32131
32210
32131
32131
32131
32206
32131
32131
32135
32205
32131
32182
32131
32214
32135
32131
32131
32210
32131
32131
32135
32206
32131
32135
32131
32206
32135
32131
32131
32218
32131
32131
32135
32206
32131
32135
32131
32206
32131
32135
32131
32206
32182
32131
32131
32210
32131
32131
32146
32206
32131
32135
32131
32206
32135
32131
32131
32210
32131
32131
32135
32206
32131
32135
32131
32206
32135
32131
32131
32218
32131
32131
32131
32238
32131
32131
32135
32205
32131
32135
32131
32206
32135
32131
32131
32209
32131
32131
32135
32206
32131
32134
32131
32206
32135
32131
32131
32210
32142
32131
32135
32206
32131
32183
32131
32206
32131
32135
32131
32205
32135
32131
32131
32210
32131
32131
32135
32206
32131
32135
32131
32205
32135
32131
32131
32210
32131
32131
32135
32206
32131
32135
32131
32214
32182
32131
32131
32206
32134
32131
32131
32209
32131
32131
32135
32205
32131
32146
32131
32205