26744
26792
26762
26779
26793
26787
26752
26772
26761
26728
26780
26789
26783
26786
26779
26777
26783
26791
26778
26779
26803
26784
26774
26767
26778
26772
26776
26778
26776
26777
26777
26780
26771
26768
26769
26776
26783
26773
26773
26778
26780
26768
26780
26773
26792
26771
26773
26774
26772
26762
26780
26762
26777
26798
26790
26774
26758
26760
26729
26745
26733
26738
26775
26739
26746
26734
26735
26738
26736
26743
26775
26744
26750
26754
26747
26741
26748
26738
26769
26775
26750
26749
26774
26770
26761
26781
26792
26784
26776
26763
26727
26738
26747
26779
26788
26781
26793
26743
26746
26751
26757
26794
26791
26773
26882
26792
26748
26734
26749
26760
26776
26781
26773
26786
26759
26723
26739
26756
26783
26783
26776
26791
26753
26744
26745
26746
26802
26779
26781
26796
26764
26725
26759
26759
26719
26776
26791
26781
26771
26797
26782
26726
26739
26744
26759
26778
26808
26775
26779
26810
26771
26727
26756
26743
26778
26799
26766
26786
26779
26724
26743
26725
26774
26780
26766
26775
26787
26711
26738
26723
26781
26767
26767
26770
26720
26721
26773
26776
26751
26776
26773
26712
26727
26704
26778
26760
26767
26791
26757
26710
26729
26703
26763
26763
26770
26785
26762
26721
26738
26707