13855
12662
12604
12602
12616
12611
12613
12600
12609
12599
12609
12595
12601
12614
12608
12611
12607
12607
12600
12610
12593
12600
12616
12607
12609
12606
12610
12596
12614
12602
12602
12615
12604
12603
12606
12611
12608
12612
12601
12610
12598
12613
12595
12601
12613
12609
12611
12607
12613
12603
12614
12600
12602
12617
12606
12599
12606
12612
12602
12606
12602
12606
12609
12610
12602
12599
12612
12606
12612
12600
12609
12599
12609
12595
12601
12614
12608
12611
12607
12607
12600
12610
12593
12600
12616
12607
12609
12606
12610
12596
12614
12602
12602
12615
12604
12603
12606
12611
12608
12612
12601
12610
12598
12613
12595
12601
12613
12609
12611
12607
12613
12603
12614
12600
12602
12617
12606
12599
12606
12612
12602
12606
12602
12606
12609
12610
12602
12599
12612
12606
12612
12600
12609
12599
12609
12595
12601
12614
12608
12611
12607
12607
12600
12610
12593
12600
12616
12607
12609
12606
12610
12596
12614
12602
12602
12615
12604
12603
12606
12611
12608
12612
12601
12610
12598
12613
12595
12601
12613
12609
12611
12607
12613
12603
12614
12600
12602
12617
12606
12599
12606
12612
12602
12606
12602
12606
12609
12610
12602
12599
12612
12606
12612
12600
12609
12599
12609
12595
12601
12614