17878
17823
17831
17824
17820
17825
17824
17825
17802
17823
17804
17806
17821
17798
17790
17794
17797
17825
17824
17828
17826
17829
17824
17822
17834
17825
17821
17824
17832
17801
17812
17805
17827
17803
17804
17830
17816
17806
17827
17812
17802
17828
17817
17805
17802
17832
17807
17807
17803
17834
17809
17813
17838
17804
17805
17838
17809
17807
17828
17809
17834
17807
17828
17805
17836
17810
17801
17830
17809
17859
17806
17797
17805
17804
17797
17800
17805
17828
17823
17830
17830
17819
17828
17829
17823
17825
17834
17806
17814
17804
17834
17803
17828
17810
17804
17834
17807
17805
17831
17808
17835
17818
17834
17807
17832
17809
17835
17804
17832
17810
17807
17832
17814
17829
17807
17831
17812
17806
17838
17805
17807
17839
17809
17801
17834
17808
17810
17834
17807
17805
17832
17807
17832
17816
17836
17806
17835
17806
17838
17805
17820
17813
17836
17810
17836
17815
17838
17806
17829
17811
17835
17804
17832
17808
17821
17802
17813
17839
17826
17825
17934
17821
17798
17792
17797
17795
17794
17830
17823
17828
17820
17826
17833
17811
17811
17808
17835
17806
17838
17814
17809
17838
17816
17833
17812
17838
17808
17835
17811
17832
17812
17833
17803
17836
17807
17836
17810
17846
17807
17802