89598
88795
88764
88787
88764
88783
88807
88783
88767
88783
88767
88839
88772
88783
88764
88787
88763
88837
88771
88787
88764
88787
88819
88787
88768
88783
88768
88783
88807
88783
88767
88783
88767
88783
88823
88798
88768
88783
88767
88822
88767
88783
88764
88787
88764
88843
88768
88787
88763
88787
88803
88783
88767
88794
88767
88783
88823
88787
88768
88783
88764
88787
88803
88787
88763
88787
88763
88843
88767
88783
88768
88794
88768
88823
88768
88784
88768
88784
88764
88842
88767
88787
88764
88787
88803
88787
88763
88783
88768
88794
88823
88787
88768
88784
88767
88822
88767
88783
88767
88783
88768
88838
88772
88783
88768
88783
88764
88838
88764
88787
88764
88788
88818
88791
88764
88784
88767
88783
88806
88783
88768
88783
88767
88839
88767
88798
88763
88787
88763
88826
88764
88787
88764
88784
88767
88839
88771
88783
88768
88783
88807
88783
88763
88798
88764
88787
88819
88792
88764
88788
88763
88826
88764
88787
88763
88787
88763
88843
88768
88787
88763
88794
88767
88822
88768
88783
88768
88784
88822
88787
88764
88788
88764
88787
88803
88787
88763
88787
88763
88794
88823
88787
88767
88783
88768
88823
88767
88783
88763
88787
88763
88842
88768
88787
88763
88787
88803
88794
88768
88784