46569
46581
46602
46537
46570
46569
46561
46620
46542
46532
46581
46529
46549
46575
46548
46622
46558
46533
46587
46542
46605
46553
46528
46578
46535
46556
46584
46547
46565
46618
46553
46617
46578
46532
46568
46536
46582
46602
46549
46575
46531
46570
46604
46552
46576
46606
46565
46590
46597
46528
46579
46548
46602
46603
46537
46568
46545
46568
46604
46539
46559
46666
46568
46568
46562
46591
46583
46529
46569
46560
46588
46599
46529
46545
46540
46574
46616
46558
46579
46626
46553
46568
46618
46552
46569
46580
46537
46531
46535
46609
46575
46524
46543
46548
46583
46565
46551
46582
46552
46585
46589
46531
46564
46579
46560
46598
46530
46545
46567
46591
46578
46531
46556
46568
46560
46605
46596
46571
46606
46587
46574
46593
46537
46539
46573
46563
46548
46590
46573
46579
46526
46564
46582
46542
46560
46595
46568
46581
46584
46540
46580
46541
46569
46592
46580
46534
46558
46570
46606
46587
46568
46528
46539
46588
46567
46561
46524
46531
46579
46584
46589
46589
46579
46586
46595
46580
46582
46595
46564
46587
46590
46563
46579
46584
46513
46571
46562
46572
46581
46537
46533
46546
46539
46600
46582
46576
46585
46559
46573
46577
46549
46548
46545
46582
46585
46520
46579
46570
46550
46556
